N  31.288  30.000  39.917  
N  30.250  27.154  39.583  
N  32.048  32.671  39.417  
N  33.529  27.755  39.083  
N  34.820  31.760  38.583  
N  32.395  24.881  38.250  
N  31.762  35.617  38.083  
N  36.172  28.643  37.750  
N  35.267  34.439  37.250  
N  35.119  24.906  36.917  
N  37.601  31.023  36.417  
N  31.742  22.257  36.083  
N  34.008  36.995  35.917  
N  37.531  26.520  35.583  
N  37.623  34.006  35.083  
N  34.759  22.598  34.750  
N  31.505  38.759  34.583  
N  39.021  29.253  34.250  
N  30.045  20.799  33.917  
N  36.229  36.866  33.750  
N  37.486  24.318  33.417  
N  39.225  32.528  32.917  
N  33.358  20.942  32.583  
N  33.659  38.987  32.417  
N  39.346  27.118  32.083  
N  38.050  35.718  31.583  
N  36.431  22.445  31.250  
N  30.362  39.935  31.083  
N  39.959  30.509  30.750  
N  31.381  20.105  30.417  
N  35.669  38.234  30.250  
N  38.700  25.071  29.917  
N  39.190  33.899  29.417  
N  34.676  21.208  29.083  
N  32.487  39.625  28.917  
N  39.764  28.371  28.583  
N  37.172  36.700  28.083  
N  37.248  23.489  27.750  
N  39.451  31.767  27.250  
N  32.559  20.838  26.917  
N  34.277  38.435  26.750  
N  38.664  26.522  26.417  
N  37.853  34.654  25.917  
N  35.231  22.711  25.583  
N  31.056  38.825  25.417  
N  38.703  29.725  25.083  
N  30.476  21.502  24.750  
N  35.323  36.506  24.583  
N  36.761  25.393  24.250  
N  37.413  32.445  23.750  
N  32.974  23.085  23.417  
N  32.429  36.967  23.250  
N  36.843  28.267  22.917  
N  35.115  34.041  22.417  
N  34.192  25.556  22.083  
N  35.372  30.551  21.583  
N  30.913  25.246  21.250  
N  32.374  33.855  21.083  
N  33.397  28.298  20.750  
N  31.999  30.971  20.250  
N  28.712  30.000  39.917  
N  29.750  27.154  39.583  
N  27.952  32.671  39.417  
N  26.471  27.755  39.083  
N  25.180  31.760  38.583  
N  27.605  24.881  38.250  
N  28.238  35.617  38.083  
N  23.828  28.643  37.750  
N  24.733  34.439  37.250  
N  24.881  24.906  36.917  
N  22.399  31.023  36.417  
N  28.258  22.257  36.083  
N  25.992  36.995  35.917  
N  22.469  26.520  35.583  
N  22.377  34.006  35.083  
N  25.241  22.598  34.750  
N  28.495  38.759  34.583  
N  20.979  29.253  34.250  
N  29.955  20.799  33.917  
N  23.771  36.866  33.750  
N  22.514  24.318  33.417  
N  20.775  32.528  32.917  
N  26.642  20.942  32.583  
N  26.341  38.987  32.417  
N  20.654  27.118  32.083  
N  21.950  35.718  31.583  
N  23.569  22.445  31.250  
N  29.638  39.935  31.083  
N  20.041  30.509  30.750  
N  28.619  20.105  30.417  
N  24.331  38.234  30.250  
N  21.300  25.071  29.917  
N  20.810  33.899  29.417  
N  25.324  21.208  29.083  
N  27.513  39.625  28.917  
N  20.236  28.371  28.583  
N  22.828  36.700  28.083  
N  22.752  23.489  27.750  
N  20.549  31.767  27.250  
N  27.441  20.838  26.917  
N  25.723  38.435  26.750  
N  21.336  26.522  26.417  
N  22.147  34.654  25.917  
N  24.769  22.711  25.583  
N  28.944  38.825  25.417  
N  21.297  29.725  25.083  
N  29.524  21.502  24.750  
N  24.677  36.506  24.583  
N  23.239  25.393  24.250  
N  22.587  32.445  23.750  
N  27.026  23.085  23.417  
N  27.571  36.967  23.250  
N  23.157  28.267  22.917  
N  24.885  34.041  22.417  
N  25.808  25.556  22.083  
N  24.628  30.551  21.583  
N  29.087  25.246  21.250  
N  27.626  33.855  21.083  
N  26.603  28.298  20.750  
N  28.001  30.971  20.250  
N  30.000  31.936  32.525  
N  30.000  34.881  31.782  
N  30.000  31.824  35.814  
N  30.000  35.619  34.736  
N  30.000  38.344  31.123  
N  30.000  28.064  32.525  
N  30.000  31.936  27.475  
N  30.000  28.064  27.475  
N  30.000  25.119  31.782  
N  30.000  34.881  28.218  
N  30.000  25.119  28.218  
N  30.000  28.176  35.814  
N  30.000  31.824  24.186  
N  30.000  28.176  24.186  
N  30.000  24.381  34.736  
N  30.000  35.619  25.264  
N  30.000  24.381  25.264  
N  30.000  21.656  31.123  
N  30.000  38.344  28.877  
N  30.000  21.656  28.877  
N  30.000  30.000  30.000  
N  34.500  30.000  30.000  
N  31.800  30.000  30.000  
N  37.200  30.000  30.000  
